1675385476739 147.92333984375 0
1675385476799 16.24578857421875 1
1675385476863 13.613040924072266 2
1675385476906 9.827410697937012 3
1675385476946 7.803197860717773 4
1675385476988 6.098488807678223 5
1675385477027 6.66082763671875 6
1675385477080 5.324107646942139 7
1675385477116 5.4998626708984375 8
1675385477158 5.369610786437988 9
1675385477199 6.09427547454834 10
1675385477241 6.410037040710449 11
1675385477279 6.749820709228516 12
1675385477315 5.293838024139404 13
1675385477355 4.986482620239258 14
1675385477399 4.358833312988281 15
1675385477442 4.5176825523376465 16
1675385477481 4.998924732208252 17
1675385477519 5.715872287750244 18
1675385477554 4.314669132232666 19
1675385477589 4.2912278175354 20
1675385477621 4.889640808105469 21
1675385477660 6.113253593444824 22
1675385477696 6.876269817352295 23
1675385477732 5.366662502288818 24
1675385477776 4.7301836013793945 25
1675385477817 4.548788070678711 26
1675385477856 4.331482410430908 27
1675385477893 3.907200336456299 28
1675385477927 4.975339412689209 29
1675385477966 4.689493179321289 30
1675385478005 4.8033552169799805 31
1675385478039 4.41765832901001 32
1675385478072 3.9339747428894043 33
1675385478104 3.7596311569213867 34
1675385478140 4.182506561279297 35
1675385478177 3.873138666152954 36
1675385478213 3.1303114891052246 37
1675385478249 3.863929271697998 38
1675385478284 3.6856765747070312 39
1675385478319 3.7622926235198975 40
1675385478358 3.0912668704986572 41
1675385478401 3.1461219787597656 42
1675385478439 2.8789713382720947 43
1675385478478 3.447268009185791 44
1675385478512 4.711358547210693 45
1675385478549 5.010639667510986 46
1675385478582 6.2370147705078125 47
1675385478615 3.5066962242126465 48
1675385478652 3.4598684310913086 49
1675385478689 3.2497496604919434 50
1675385478723 3.1872854232788086 51
1675385478757 3.096881866455078 52
1675385478796 3.6875836849212646 53
1675385478828 3.336884021759033 54
1675385478861 3.5243630409240723 55
1675385478894 4.224481105804443 56
1675385478928 3.4077770709991455 57
1675385478962 3.8359639644622803 58
1675385478996 3.2031524181365967 59
1675385479029 3.947646379470825 60
1675385479062 3.8276357650756836 61
1675385479094 4.076388835906982 62
1675385479128 3.593562602996826 63
1675385479163 3.135101079940796 64
1675385479197 2.937685251235962 65
1675385479233 2.8509061336517334 66
1675385479270 3.3068594932556152 67
1675385479306 3.580768585205078 68
1675385479338 3.2517528533935547 69
1675385479376 3.951016426086426 70
1675385479412 4.031759738922119 71
1675385479449 4.962546348571777 72
1675385479485 4.001746654510498 73
1675385479520 4.612799167633057 74
1675385479554 4.5797810554504395 75
1675385479589 4.52072811126709 76
1675385479622 4.741821765899658 77
1675385479655 3.872868537902832 78
1675385479688 3.3425326347351074 79
1675385479722 2.7959492206573486 80
1675385479754 2.948523998260498 81
1675385479789 3.2023379802703857 82
1675385479822 4.517352104187012 83
1675385479854 3.6527276039123535 84
1675385479890 3.098137140274048 85
1675385479924 2.9245107173919678 86
1675385479956 3.035743236541748 87
1675385479989 3.5633065700531006 88
1675385480021 3.7642061710357666 89
1675385480054 2.946140766143799 90
1675385480086 3.0541560649871826 91
1675385480119 3.6683690547943115 92
1675385480151 3.090319871902466 93
1675385480184 3.1481244564056396 94
1675385480216 3.3918042182922363 95
1675385480249 3.3136916160583496 96
1675385480282 3.6368565559387207 97
1675385480315 4.0302581787109375 98
1675385480347 4.0475239753723145 99
