1675382891670 888.1057739257812 0
1675382891721 303.0232238769531 1
1675382891768 51.52226638793945 2
1675382891811 16.453208923339844 3
1675382891849 18.00705909729004 4
1675382891908 11.484257698059082 5
1675382891956 9.61607551574707 6
1675382892013 9.541882514953613 7
1675382892065 8.559404373168945 8
1675382892117 8.166831016540527 9
1675382892173 7.807621002197266 10
1675382892236 6.186683654785156 11
1675382892290 5.673775672912598 12
1675382892347 5.891644477844238 13
1675382892387 6.072942733764648 14
1675382892427 5.4592485427856445 15
1675382892474 5.1333208084106445 16
1675382892515 4.837558269500732 17
1675382892550 5.028757095336914 18
1675382892585 4.679632663726807 19
1675382892620 4.378443241119385 20
1675382892658 4.370879650115967 21
1675382892692 4.448038101196289 22
1675382892729 4.629708766937256 23
1675382892765 4.185751438140869 24
1675382892800 4.878549098968506 25
1675382892836 3.7705812454223633 26
1675382892870 3.7957680225372314 27
1675382892904 4.441097736358643 28
1675382892938 4.118055820465088 29
1675382892980 3.773231267929077 30
1675382893021 3.8216395378112793 31
1675382893062 5.13445520401001 32
1675382893099 3.679596185684204 33
1675382893135 3.3236377239227295 34
1675382893174 3.2014708518981934 35
1675382893214 3.476478338241577 36
1675382893253 3.2075135707855225 37
1675382893298 3.0108022689819336 38
1675382893341 3.5112788677215576 39
1675382893380 3.3305349349975586 40
1675382893418 3.329489231109619 41
1675382893459 3.369028329849243 42
1675382893496 2.7510602474212646 43
1675382893532 2.814690351486206 44
1675382893565 3.931699752807617 45
1675382893601 3.030829668045044 46
1675382893635 2.9940547943115234 47
1675382893667 2.9128363132476807 48
1675382893701 2.590367078781128 49
1675382893735 3.455928325653076 50
1675382893780 2.841853380203247 51
1675382893825 2.9559218883514404 52
1675382893868 3.3526229858398438 53
1675382893911 2.8201193809509277 54
1675382893950 3.3877005577087402 55
1675382893987 3.244330883026123 56
1675382894030 2.714721202850342 57
1675382894065 2.7486684322357178 58
1675382894101 3.3171188831329346 59
1675382894135 3.822448492050171 60
1675382894169 4.294363498687744 61
1675382894208 3.996351480484009 62
1675382894249 3.9416394233703613 63
1675382894288 3.8640999794006348 64
1675382894330 4.080718040466309 65
1675382894374 4.293274402618408 66
1675382894416 4.144304275512695 67
1675382894455 3.326519012451172 68
1675382894491 3.469937801361084 69
1675382894527 2.820200204849243 70
1675382894563 2.6664950847625732 71
1675382894601 2.5715699195861816 72
1675382894636 2.905710458755493 73
1675382894672 3.464707612991333 74
1675382894707 4.180176734924316 75
1675382894740 3.1230666637420654 76
1675382894775 2.8071436882019043 77
1675382894812 2.8225698471069336 78
1675382894847 2.7993786334991455 79
1675382894882 2.822831869125366 80
1675382894916 2.7573981285095215 81
1675382894951 3.143108606338501 82
1675382894987 2.6858179569244385 83
1675382895022 2.7865872383117676 84
1675382895064 3.1120264530181885 85
1675382895140 2.6676671504974365 86
1675382895188 2.6845879554748535 87
1675382895224 2.9617671966552734 88
1675382895258 3.015043020248413 89
1675382895293 4.538604259490967 90
1675382895331 4.178952693939209 91
1675382895367 3.5856387615203857 92
1675382895402 3.275331497192383 93
1675382895462 3.464282512664795 94
1675382895548 3.1655166149139404 95
1675382895581 3.1261401176452637 96
1675382895616 3.405130624771118 97
1675382895650 4.02481746673584 98
1675382895683 2.880398750305176 99
