1675385760674 467.931884765625 0
1675385760745 99.26229858398438 1
1675385760784 57.34905242919922 2
1675385760826 44.279151916503906 3
1675385760865 59.537452697753906 4
1675385760905 19.761442184448242 5
1675385760951 13.662463188171387 6
1675385760997 7.450021743774414 7
1675385761044 10.275444984436035 8
1675385761081 15.617738723754883 9
1675385761125 20.92346954345703 10
1675385761166 17.08165168762207 11
1675385761212 10.590994834899902 12
1675385761256 8.314250946044922 13
1675385761297 7.152480602264404 14
1675385761332 5.155940532684326 15
1675385761366 4.191096782684326 16
1675385761401 4.647317886352539 17
1675385761440 5.061505317687988 18
1675385761475 4.575662612915039 19
1675385761507 4.951154708862305 20
1675385761540 4.476296901702881 21
1675385761577 4.544540882110596 22
1675385761612 3.7390151023864746 23
1675385761644 4.762162208557129 24
1675385761676 3.8690075874328613 25
1675385761708 3.5736913681030273 26
1675385761740 3.56118106842041 27
1675385761793 3.6848952770233154 28
1675385761849 5.507111072540283 29
1675385761886 4.719082832336426 30
1675385761925 4.916290760040283 31
1675385761963 4.20932674407959 32
1675385762000 4.598446846008301 33
1675385762038 4.2360520362854 34
1675385762079 3.7852065563201904 35
1675385762117 3.727726459503174 36
1675385762153 3.806887149810791 37
1675385762189 3.2947118282318115 38
1675385762222 3.793890953063965 39
1675385762257 5.001364231109619 40
1675385762292 3.9436113834381104 41
1675385762326 3.3981854915618896 42
1675385762360 4.497980117797852 43
1675385762391 4.051204681396484 44
1675385762424 4.519956111907959 45
1675385762456 3.1434364318847656 46
1675385762489 3.394768238067627 47
1675385762523 3.2391202449798584 48
1675385762556 4.403956890106201 49
1675385762589 4.087343692779541 50
1675385762624 3.3437912464141846 51
1675385762662 5.6399617195129395 52
1675385762697 3.5455362796783447 53
1675385762729 3.7943248748779297 54
1675385762764 3.094608783721924 55
1675385762797 4.5811052322387695 56
1675385762830 7.327267169952393 57
1675385762864 5.300681114196777 58
1675385762899 4.464203834533691 59
1675385762931 3.352261781692505 60
1675385762964 3.706912040710449 61
1675385762997 3.4685027599334717 62
1675385763029 3.449286937713623 63
1675385763061 3.774921178817749 64
1675385763094 3.691195011138916 65
1675385763126 3.000192403793335 66
1675385763159 4.109927654266357 67
1675385763199 3.4551384449005127 68
1675385763238 2.9971678256988525 69
1675385763274 4.066476345062256 70
1675385763306 5.103091239929199 71
1675385763338 4.139836311340332 72
1675385763371 3.852902889251709 73
1675385763404 4.0111565589904785 74
1675385763436 4.968891143798828 75
1675385763469 3.6231939792633057 76
1675385763502 3.0508081912994385 77
1675385763535 3.052103042602539 78
1675385763567 4.226400375366211 79
1675385763600 3.7314202785491943 80
1675385763633 3.3142240047454834 81
1675385763666 2.9428799152374268 82
1675385763701 3.420053720474243 83
1675385763733 5.941038131713867 84
1675385763766 4.576839447021484 85
1675385763800 3.830047845840454 86
1675385763833 3.685854911804199 87
1675385763865 3.580099582672119 88
1675385763899 3.281585216522217 89
1675385763932 3.279451847076416 90
1675385763965 3.250863790512085 91
1675385763998 3.0064589977264404 92
1675385764031 4.842649936676025 93
1675385764064 4.8837480545043945 94
1675385764103 3.8019096851348877 95
1675385764140 3.4904472827911377 96
1675385764175 3.7533648014068604 97
1675385764209 3.765303611755371 98
1675385764242 3.2901065349578857 99
