1675383544191 23.78704261779785 0
1675383544241 23.644683837890625 1
1675383544292 23.502439498901367 2
1675383544339 23.36289405822754 3
1675383544394 23.228206634521484 4
1675383544447 23.099016189575195 5
1675383544496 22.96983528137207 6
1675383544549 22.84242057800293 7
1675383544600 22.721715927124023 8
1675383544649 22.596181869506836 9
1675383544699 22.476642608642578 10
1675383544741 22.35719108581543 11
1675383544784 22.237314224243164 12
1675383544825 22.11764144897461 13
1675383544867 21.99593162536621 14
1675383544910 21.875732421875 15
1675383544954 21.75214385986328 16
1675383545005 21.626972198486328 17
1675383545047 21.50273323059082 18
1675383545091 21.37481689453125 19
1675383545135 21.240581512451172 20
1675383545179 21.10649871826172 21
1675383545222 20.97267723083496 22
1675383545269 20.833866119384766 23
1675383545308 20.6916561126709 24
1675383545346 20.546497344970703 25
1675383545381 20.40082359313965 26
1675383545418 20.245454788208008 27
1675383545454 20.092670440673828 28
1675383545491 19.930452346801758 29
1675383545542 19.765243530273438 30
1675383545598 19.596179962158203 31
1675383545636 19.42343521118164 32
1675383545673 19.245149612426758 33
1675383545710 19.071086883544922 34
1675383545751 18.888093948364258 35
1675383545789 18.70831298828125 36
1675383545826 18.52610206604004 37
1675383545865 18.348928451538086 38
1675383545907 18.172266006469727 39
1675383545953 18.003185272216797 40
1675383545995 17.831308364868164 41
1675383546037 17.663633346557617 42
1675383546078 17.50868034362793 43
1675383546126 17.35451889038086 44
1675383546197 17.204559326171875 45
1675383546237 17.051279067993164 46
1675383546274 16.90524673461914 47
1675383546312 16.74953842163086 48
1675383546349 16.605899810791016 49
1675383546391 16.44638442993164 50
1675383546434 16.29420280456543 51
1675383546486 16.14104461669922 52
1675383546535 15.987442016601562 53
1675383546581 15.833195686340332 54
1675383546617 15.674586296081543 55
1675383546652 15.517607688903809 56
1675383546687 15.361311912536621 57
1675383546721 15.196696281433105 58
1675383546755 15.032957077026367 59
1675383546795 14.865910530090332 60
1675383546833 14.697734832763672 61
1675383546871 14.520271301269531 62
1675383546911 14.346709251403809 63
1675383546951 14.163766860961914 64
1675383546996 13.979126930236816 65
1675383547039 13.798986434936523 66
1675383547085 13.604146957397461 67
1675383547123 13.413949966430664 68
1675383547164 13.218534469604492 69
1675383547204 13.020448684692383 70
1675383547248 12.819714546203613 71
1675383547287 12.61701774597168 72
1675383547337 12.408897399902344 73
1675383547380 12.202054977416992 74
1675383547417 11.993066787719727 75
1675383547454 11.767107009887695 76
1675383547490 11.55185604095459 77
1675383547529 11.33254623413086 78
1675383547568 11.09880542755127 79
1675383547605 10.873369216918945 80
1675383547644 10.64200210571289 81
1675383547684 10.402528762817383 82
1675383547795 10.161653518676758 83
1675383547880 9.917637825012207 84
1675383547929 9.673761367797852 85
1675383547968 9.419713020324707 86
1675383548081 9.165892601013184 87
1675383548162 8.906698226928711 88
1675383548229 8.644043922424316 89
1675383548274 8.38417911529541 90
1675383548316 8.113990783691406 91
1675383548355 7.847105503082275 92
1675383548393 7.575462818145752 93
1675383548431 7.29992151260376 94
1675383548470 7.029704570770264 95
1675383548511 6.766563415527344 96
1675383548551 6.505901336669922 97
1675383548590 6.255736827850342 98
1675383548631 6.010885715484619 99
