1675385426948 185506.265625 0
1675385426967 7548.49609375 1
1675385426992 15780.4345703125 2
1675385427012 1795.2412109375 3
1675385427038 1329.71875 4
1675385427069 835.513916015625 5
1675385427126 292.8001708984375 6
1675385427153 336.3619384765625 7
1675385427170 254.2521209716797 8
1675385427335 246.81190490722656 9
1675385427357 233.79954528808594 10
1675385427381 233.55740356445312 11
1675385427401 229.456787109375 12
1675385427422 227.1887664794922 13
1675385427444 224.23477172851562 14
1675385427461 221.25181579589844 15
1675385427486 217.03237915039062 16
1675385427506 212.69464111328125 17
1675385427529 209.66990661621094 18
1675385427549 205.62588500976562 19
1675385427567 202.66856384277344 20
1675385427591 199.5516815185547 21
1675385427609 195.8910675048828 22
1675385427633 192.25860595703125 23
1675385427654 188.8008575439453 24
1675385427680 185.9674072265625 25
1675385427708 184.23831176757812 26
1675385427759 178.2445831298828 27
1675385427791 176.71878051757812 28
1675385427820 172.15505981445312 29
1675385427852 168.81333923339844 30
1675385427884 165.89552307128906 31
1675385427911 163.7043914794922 32
1675385427946 158.7724151611328 33
1675385427973 156.96185302734375 34
1675385428002 153.18862915039062 35
1675385428029 150.44503784179688 36
1675385428050 147.95533752441406 37
1675385428073 144.732421875 38
1675385428099 142.8553466796875 39
1675385428129 139.9981689453125 40
1675385428154 136.6115264892578 41
1675385428181 134.85108947753906 42
1675385428205 130.41481018066406 43
1675385428226 128.4575958251953 44
1675385428248 126.74207305908203 45
1675385428266 123.48246765136719 46
1675385428288 123.65887451171875 47
1675385428306 119.99467468261719 48
1675385428326 117.07852172851562 49
1675385428344 113.84359741210938 50
1675385428391 111.99754333496094 51
1675385428411 109.97993469238281 52
1675385428437 107.86100769042969 53
1675385428454 105.89070892333984 54
1675385428473 104.30977630615234 55
1675385428497 102.51242065429688 56
1675385428518 99.67388153076172 57
1675385428541 98.9166488647461 58
1675385428564 96.42362213134766 59
1675385428586 94.87522888183594 60
1675385428608 92.95521545410156 61
1675385428632 91.30854034423828 62
1675385428654 89.56626892089844 63
1675385428681 88.08577728271484 64
1675385428703 87.43281555175781 65
1675385428728 85.0964126586914 66
1675385428751 84.5245590209961 67
1675385428777 82.67642974853516 68
1675385428798 81.17216491699219 69
1675385428822 80.06450653076172 70
1675385428847 78.76827239990234 71
1675385428875 77.77222442626953 72
1675385428903 76.34037780761719 73
1675385428929 76.47966003417969 74
1675385428955 76.42457580566406 75
1675385428979 74.24469757080078 76
1675385429002 73.689697265625 77
1675385429022 71.93103790283203 78
1675385429042 70.2069091796875 79
1675385429060 69.14627838134766 80
1675385429081 68.38334655761719 81
1675385429099 67.67495727539062 82
1675385429118 66.96208953857422 83
1675385429139 66.3833999633789 84
1675385429158 64.7361068725586 85
1675385429186 63.96012496948242 86
1675385429205 63.497535705566406 87
1675385429255 62.68408203125 88
1675385429273 62.54349899291992 89
1675385429297 61.41463088989258 90
1675385429327 60.69547653198242 91
1675385429357 59.75374984741211 92
1675385429385 59.99641036987305 93
1675385429406 59.924110412597656 94
1675385429428 58.77492904663086 95
1675385429456 58.071197509765625 96
1675385429477 57.788700103759766 97
1675385429498 56.42613220214844 98
1675385429521 55.93030548095703 99
