1675382853747 93322.6796875 0
1675382853773 18506.70703125 1
1675382853844 9817.193359375 2
1675382853932 5727.60498046875 3
1675382853983 3524.122314453125 4
1675382854024 2668.2548828125 5
1675382854051 2126.590576171875 6
1675382854092 1785.6551513671875 7
1675382854116 1576.1026611328125 8
1675382854137 1390.7763671875 9
1675382854163 1232.8702392578125 10
1675382854191 1106.9169921875 11
1675382854224 971.948974609375 12
1675382854250 836.6879272460938 13
1675382854272 737.3126220703125 14
1675382854303 677.8373413085938 15
1675382854330 537.8076782226562 16
1675382854358 460.631591796875 17
1675382854381 407.583984375 18
1675382854429 347.55035400390625 19
1675382854459 292.3507385253906 20
1675382854487 249.9848175048828 21
1675382854512 213.94699096679688 22
1675382854535 182.91500854492188 23
1675382854560 158.31101989746094 24
1675382854580 133.28811645507812 25
1675382854608 116.73997497558594 26
1675382854629 98.13057708740234 27
1675382854655 88.48778533935547 28
1675382854674 74.37194061279297 29
1675382854699 65.16238403320312 30
1675382854722 57.92380142211914 31
1675382854746 52.2363395690918 32
1675382854766 51.15281677246094 33
1675382854791 45.497257232666016 34
1675382854813 40.724708557128906 35
1675382854833 38.740413665771484 36
1675382854859 36.14093017578125 37
1675382854879 33.77510452270508 38
1675382854905 32.183380126953125 39
1675382854926 31.154664993286133 40
1675382854953 34.238563537597656 41
1675382855000 31.552396774291992 42
1675382855034 29.073360443115234 43
1675382855070 27.53764533996582 44
1675382855102 28.36850357055664 45
1675382855134 26.670398712158203 46
1675382855160 27.86459732055664 47
1675382855187 28.949474334716797 48
1675382855213 25.809417724609375 49
1675382855238 27.328096389770508 50
1675382855258 27.213661193847656 51
1675382855278 27.99209976196289 52
1675382855301 31.232202529907227 53
1675382855321 26.254470825195312 54
1675382855351 23.867063522338867 55
1675382855375 22.08199691772461 56
1675382855405 23.135286331176758 57
1675382855431 25.235536575317383 58
1675382855458 24.538774490356445 59
1675382855485 24.122318267822266 60
1675382855516 20.79202651977539 61
1675382855544 21.753826141357422 62
1675382855578 22.269851684570312 63
1675382855610 21.900081634521484 64
1675382855640 20.894826889038086 65
1675382855671 19.615604400634766 66
1675382855701 18.924053192138672 67
1675382855731 18.556350708007812 68
1675382855759 18.055667877197266 69
1675382855789 18.707740783691406 70
1675382855812 18.066282272338867 71
1675382855838 18.32365608215332 72
1675382855865 17.800018310546875 73
1675382855894 18.92839241027832 74
1675382855917 19.31037139892578 75
1675382855943 18.084449768066406 76
1675382855976 17.537353515625 77
1675382856004 16.331119537353516 78
1675382856028 16.273509979248047 79
1675382856073 17.47098159790039 80
1675382856102 18.83771324157715 81
1675382856127 16.886316299438477 82
1675382856154 16.508590698242188 83
1675382856181 18.249828338623047 84
1675382856260 16.46686553955078 85
1675382856322 14.765267372131348 86
1675382856346 14.5376558303833 87
1675382856387 15.968183517456055 88
1675382856415 15.560612678527832 89
1675382856445 15.107770919799805 90
1675382856469 14.339757919311523 91
1675382856510 15.129036903381348 92
1675382856531 14.005942344665527 93
1675382856569 15.125203132629395 94
1675382856597 13.67619800567627 95
1675382856632 13.71081256866455 96
1675382856668 13.73886775970459 97
1675382856706 14.324957847595215 98
1675382856732 15.893608093261719 99
