1675385743674 18774.4453125 0
1675385743716 5648.89111328125 1
1675385743747 1687.1241455078125 2
1675385743776 532.6834106445312 3
1675385743809 367.24774169921875 4
1675385743843 132.62771606445312 5
1675385743928 113.6746826171875 6
1675385743988 84.38895416259766 7
1675385744030 73.07344818115234 8
1675385744056 67.2968978881836 9
1675385744082 67.9970474243164 10
1675385744108 69.84319305419922 11
1675385744141 61.512760162353516 12
1675385744172 53.323490142822266 13
1675385744208 50.256736755371094 14
1675385744232 47.30617141723633 15
1675385744258 45.04498291015625 16
1675385744289 42.89447021484375 17
1675385744320 40.90437316894531 18
1675385744346 39.9879264831543 19
1675385744377 39.28178787231445 20
1675385744462 38.175758361816406 21
1675385744507 37.92878723144531 22
1675385744571 35.34518051147461 23
1675385744621 34.22810363769531 24
1675385744651 34.65547561645508 25
1675385744679 33.398193359375 26
1675385744708 35.52349090576172 27
1675385744738 30.08003044128418 28
1675385744813 31.969585418701172 29
1675385744853 29.694969177246094 30
1675385744882 31.148487091064453 31
1675385744909 27.89351463317871 32
1675385744936 27.757600784301758 33
1675385744962 26.09291648864746 34
1675385744990 27.071704864501953 35
1675385745017 27.756711959838867 36
1675385745039 26.540719985961914 37
1675385745064 25.092731475830078 38
1675385745086 24.04355812072754 39
1675385745107 22.794532775878906 40
1675385745132 21.834888458251953 41
1675385745155 22.320842742919922 42
1675385745179 21.361318588256836 43
1675385745202 22.2059326171875 44
1675385745228 21.561424255371094 45
1675385745258 21.285480499267578 46
1675385745285 20.600341796875 47
1675385745325 19.96418571472168 48
1675385745350 19.207704544067383 49
1675385745400 18.504934310913086 50
1675385745436 18.724760055541992 51
1675385745470 18.477981567382812 52
1675385745493 17.860177993774414 53
1675385745522 18.458498001098633 54
1675385745543 18.213848114013672 55
1675385745565 17.60313606262207 56
1675385745591 16.46560287475586 57
1675385745618 17.1992130279541 58
1675385745637 16.97015953063965 59
1675385745660 15.842079162597656 60
1675385745684 16.179073333740234 61
1675385745704 16.020713806152344 62
1675385745730 17.135684967041016 63
1675385745759 18.557649612426758 64
1675385745791 15.113555908203125 65
1675385745820 15.636296272277832 66
1675385745847 15.432276725769043 67
1675385745872 18.024507522583008 68
1675385745895 16.61762046813965 69
1675385745917 16.339778900146484 70
1675385745936 14.803431510925293 71
1675385745965 15.272701263427734 72
1675385745987 16.859176635742188 73
1675385746012 14.695618629455566 74
1675385746032 14.391860961914062 75
1675385746054 13.986457824707031 76
1675385746079 13.560590744018555 77
1675385746102 13.818089485168457 78
1675385746132 15.635273933410645 79
1675385746160 14.026237487792969 80
1675385746196 13.687742233276367 81
1675385746227 13.471810340881348 82
1675385746261 14.20377254486084 83
1675385746296 13.657641410827637 84
1675385746326 13.975497245788574 85
1675385746357 15.323762893676758 86
1675385746425 13.858114242553711 87
1675385746457 14.302290916442871 88
1675385746485 13.412639617919922 89
1675385746510 20.66257667541504 90
1675385746538 21.305015563964844 91
1675385746559 21.280988693237305 92
1675385746582 15.818872451782227 93
1675385746609 17.193153381347656 94
1675385746648 14.471790313720703 95
1675385746681 15.384866714477539 96
1675385746708 30.358741760253906 97
1675385746736 30.812902450561523 98
1675385746761 17.681886672973633 99
