1675385812932 24.910308837890625 0
1675385812971 24.758535385131836 1
1675385813012 24.614328384399414 2
1675385813049 24.47371482849121 3
1675385813086 24.341888427734375 4
1675385813125 24.217025756835938 5
1675385813168 24.09653663635254 6
1675385813209 23.97779655456543 7
1675385813248 23.858200073242188 8
1675385813284 23.740148544311523 9
1675385813324 23.623334884643555 10
1675385813361 23.50613021850586 11
1675385813399 23.388601303100586 12
1675385813435 23.26783561706543 13
1675385813473 23.14559555053711 14
1675385813516 23.021028518676758 15
1675385813555 22.893959045410156 16
1675385813594 22.762218475341797 17
1675385813632 22.628252029418945 18
1675385813670 22.492137908935547 19
1675385813709 22.349111557006836 20
1675385813756 22.206026077270508 21
1675385813800 22.05611801147461 22
1675385813845 21.90390396118164 23
1675385813893 21.74388885498047 24
1675385813932 21.585235595703125 25
1675385813976 21.4196720123291 26
1675385814015 21.250316619873047 27
1675385814052 21.074092864990234 28
1675385814089 20.896318435668945 29
1675385814123 20.710716247558594 30
1675385814160 20.52519416809082 31
1675385814199 20.330663681030273 32
1675385814243 20.132326126098633 33
1675385814290 19.92664337158203 34
1675385814326 19.716001510620117 35
1675385814362 19.502328872680664 36
1675385814395 19.277935028076172 37
1675385814432 19.049772262573242 38
1675385814468 18.81329345703125 39
1675385814507 18.57212257385254 40
1675385814548 18.320632934570312 41
1675385814590 18.066497802734375 42
1675385814629 17.799917221069336 43
1675385814663 17.534502029418945 44
1675385814699 17.254066467285156 45
1675385814736 16.970645904541016 46
1675385814772 16.680028915405273 47
1675385814809 16.37662124633789 48
1675385814850 16.07893943786621 49
1675385814887 15.773263931274414 50
1675385814924 15.475740432739258 51
1675385814961 15.182225227355957 52
1675385815001 14.888401985168457 53
1675385815035 14.613286972045898 54
1675385815074 14.3311128616333 55
1675385815116 14.064312934875488 56
1675385815152 13.78947925567627 57
1675385815188 13.515320777893066 58
1675385815226 13.250900268554688 59
1675385815263 12.99885368347168 60
1675385815299 12.740645408630371 61
1675385815334 12.482556343078613 62
1675385815366 12.220098495483398 63
1675385815401 11.959517478942871 64
1675385815434 11.70157527923584 65
1675385815467 11.424725532531738 66
1675385815503 11.158608436584473 67
1675385815536 10.883936882019043 68
1675385815569 10.608365058898926 69
1675385815602 10.325798034667969 70
1675385815634 10.0515775680542 71
1675385815667 9.777009010314941 72
1675385815702 9.486037254333496 73
1675385815735 9.205233573913574 74
1675385815769 8.920507431030273 75
1675385815803 8.634726524353027 76
1675385815840 8.361929893493652 77
1675385815875 8.070246696472168 78
1675385815909 7.793742656707764 79
1675385815942 7.5409088134765625 80
1675385815977 7.2807512283325195 81
1675385816013 7.051904678344727 82
1675385816055 6.830146789550781 83
1675385816094 6.641468048095703 84
1675385816127 6.461411476135254 85
1675385816163 6.307182788848877 86
1675385816196 6.148212909698486 87
1675385816231 6.020686149597168 88
1675385816269 5.910862922668457 89
1675385816306 5.800786018371582 90
1675385816344 5.701168060302734 91
1675385816379 5.607088565826416 92
1675385816412 5.53048038482666 93
1675385816445 5.4544548988342285 94
1675385816478 5.377231121063232 95
1675385816510 5.297664642333984 96
1675385816543 5.221212863922119 97
1675385816576 5.139948844909668 98
1675385816608 5.0594162940979 99
