1675383404383 23.807031631469727 0
1675383404423 23.689542770385742 1
1675383404467 23.57777214050293 2
1675383404513 23.468461990356445 3
1675383404556 23.363313674926758 4
1675383404600 23.25830841064453 5
1675383404640 23.15456771850586 6
1675383404676 23.05150032043457 7
1675383404718 22.94676971435547 8
1675383404760 22.836896896362305 9
1675383404809 22.725194931030273 10
1675383404856 22.613252639770508 11
1675383404905 22.49212646484375 12
1675383404949 22.367525100708008 13
1675383404992 22.238332748413086 14
1675383405035 22.11069679260254 15
1675383405078 21.966175079345703 16
1675383405123 21.828569412231445 17
1675383405169 21.673511505126953 18
1675383405211 21.52634620666504 19
1675383405249 21.365219116210938 20
1675383405284 21.198806762695312 21
1675383405321 21.022306442260742 22
1675383405357 20.846508026123047 23
1675383405394 20.660470962524414 24
1675383405432 20.469289779663086 25
1675383405473 20.269487380981445 26
1675383405514 20.06637954711914 27
1675383405555 19.871810913085938 28
1675383405596 19.661495208740234 29
1675383405632 19.48223304748535 30
1675383405674 19.305341720581055 31
1675383405714 19.1492977142334 32
1675383405752 19.012847900390625 33
1675383405787 18.884634017944336 34
1675383405823 18.776823043823242 35
1675383405859 18.66916275024414 36
1675383405895 18.569355010986328 37
1675383405929 18.461877822875977 38
1675383405965 18.35714340209961 39
1675383405999 18.249767303466797 40
1675383406033 18.145076751708984 41
1675383406075 18.030542373657227 42
1675383406113 17.9191837310791 43
1675383406152 17.80760383605957 44
1675383406186 17.69028091430664 45
1675383406221 17.572147369384766 46
1675383406260 17.44883155822754 47
1675383406298 17.324146270751953 48
1675383406333 17.19482421875 49
1675383406372 17.06416130065918 50
1675383406411 16.929683685302734 51
1675383406451 16.790714263916016 52
1675383406490 16.652584075927734 53
1675383406524 16.50872230529785 54
1675383406561 16.356399536132812 55
1675383406600 16.19916343688965 56
1675383406638 16.04348373413086 57
1675383406675 15.877874374389648 58
1675383406710 15.711716651916504 59
1675383406747 15.538501739501953 60
1675383406780 15.365863800048828 61
1675383406814 15.192091941833496 62
1675383406849 15.00777530670166 63
1675383406885 14.82202434539795 64
1675383406926 14.638511657714844 65
1675383406971 14.446077346801758 66
1675383407016 14.255537986755371 67
1675383407054 14.058515548706055 68
1675383407089 13.85715389251709 69
1675383407123 13.65758991241455 70
1675383407159 13.447368621826172 71
1675383407195 13.228934288024902 72
1675383407229 13.00975513458252 73
1675383407265 12.794588088989258 74
1675383407301 12.561115264892578 75
1675383407339 12.331670761108398 76
1675383407374 12.098344802856445 77
1675383407409 11.859994888305664 78
1675383407445 11.613405227661133 79
1675383407480 11.361872673034668 80
1675383407513 11.107755661010742 81
1675383407548 10.84611701965332 82
1675383407583 10.5816068649292 83
1675383407615 10.310595512390137 84
1675383407649 10.030830383300781 85
1675383407683 9.751627922058105 86
1675383407717 9.481499671936035 87
1675383407752 9.184809684753418 88
1675383407789 8.90175724029541 89
1675383407826 8.608199119567871 90
1675383407861 8.314345359802246 91
1675383407896 8.021852493286133 92
1675383407930 7.702335834503174 93
1675383407967 7.393321514129639 94
1675383408001 7.078168869018555 95
1675383408045 6.759380340576172 96
1675383408081 6.428914546966553 97
1675383408115 6.1141228675842285 98
1675383408152 5.810059547424316 99
