1675384348577 23.262357711791992 0
1675384348620 23.119579315185547 1
1675384348665 22.980119705200195 2
1675384348705 22.84052276611328 3
1675384348754 22.70111656188965 4
1675384348805 22.560678482055664 5
1675384348853 22.42144012451172 6
1675384348897 22.278364181518555 7
1675384348938 22.133153915405273 8
1675384348977 21.985857009887695 9
1675384349016 21.837858200073242 10
1675384349057 21.684511184692383 11
1675384349098 21.527475357055664 12
1675384349142 21.367813110351562 13
1675384349184 21.203672409057617 14
1675384349231 21.03697967529297 15
1675384349272 20.865398406982422 16
1675384349334 20.68648910522461 17
1675384349383 20.506948471069336 18
1675384349428 20.319320678710938 19
1675384349469 20.13067626953125 20
1675384349514 19.933265686035156 21
1675384349561 19.733367919921875 22
1675384349604 19.528852462768555 23
1675384349643 19.316070556640625 24
1675384349682 19.10202980041504 25
1675384349726 18.877355575561523 26
1675384349763 18.650680541992188 27
1675384349800 18.418212890625 28
1675384349840 18.174951553344727 29
1675384349876 17.930992126464844 30
1675384349912 17.6795711517334 31
1675384349950 17.42280387878418 32
1675384349997 17.161697387695312 33
1675384350040 16.90269660949707 34
1675384350075 16.644502639770508 35
1675384350110 16.383901596069336 36
1675384350146 16.134769439697266 37
1675384350184 15.882499694824219 38
1675384350223 15.643970489501953 39
1675384350262 15.409462928771973 40
1675384350300 15.163500785827637 41
1675384350337 14.916597366333008 42
1675384350372 14.669797897338867 43
1675384350407 14.413006782531738 44
1675384350442 14.157427787780762 45
1675384350479 13.890424728393555 46
1675384350519 13.613591194152832 47
1675384350556 13.334010124206543 48
1675384350592 13.049647331237793 49
1675384350627 12.746999740600586 50
1675384350662 12.447277069091797 51
1675384350698 12.137491226196289 52
1675384350738 11.81430435180664 53
1675384350774 11.484794616699219 54
1675384350811 11.148280143737793 55
1675384350849 10.804638862609863 56
1675384350886 10.4469633102417 57
1675384350923 10.089058876037598 58
1675384350960 9.723360061645508 59
1675384350994 9.348725318908691 60
1675384351028 8.986989974975586 61
1675384351063 8.595751762390137 62
1675384351098 8.229576110839844 63
1675384351133 7.825784206390381 64
1675384351168 7.439095497131348 65
1675384351205 7.095366954803467 66
1675384351240 6.744579792022705 67
1675384351274 6.420697212219238 68
1675384351309 6.12978458404541 69
1675384351345 5.874904632568359 70
1675384351381 5.6772074699401855 71
1675384351419 5.4849395751953125 72
1675384351457 5.332469940185547 73
1675384351494 5.18244743347168 74
1675384351534 5.03139066696167 75
1675384351572 4.893527507781982 76
1675384351608 4.749226093292236 77
1675384351640 4.616267204284668 78
1675384351674 4.4864821434021 79
1675384351710 4.360499858856201 80
1675384351749 4.25456428527832 81
1675384351788 4.1362433433532715 82
1675384351824 4.042043685913086 83
1675384351861 3.956258535385132 84
1675384351911 3.861705780029297 85
1675384352022 3.7798476219177246 86
1675384352083 3.701322317123413 87
1675384352157 3.620530843734741 88
1675384352232 3.5472753047943115 89
1675384352302 3.4792275428771973 90
1675384352346 3.418182849884033 91
1675384352395 3.3536059856414795 92
1675384352439 3.302968740463257 93
1675384352478 3.2431719303131104 94
1675384352515 3.1925244331359863 95
1675384352553 3.1464624404907227 96
1675384352592 3.099327325820923 97
1675384352638 3.0545215606689453 98
1675384352677 3.011512517929077 99
