1674945300376 500.3664245605469 0
1674945300510 191.48712158203125 1
1674945300568 93.93876647949219 2
1674945300618 85.08734130859375 3
1674945300677 52.85305404663086 4
1674945300801 42.195465087890625 5
1674945300848 33.220603942871094 6
1674945300896 26.70037078857422 7
1674945300973 19.28485679626465 8
1674945301021 27.135393142700195 9
1674945301056 35.0045051574707 10
1674945301090 32.75663757324219 11
1674945301127 40.42084884643555 12
1674945301166 33.7344970703125 13
1674945301269 33.07217025756836 14
1674945301337 43.64943313598633 15
1674945301386 41.912635803222656 16
1674945301439 32.163143157958984 17
1674945301510 17.331340789794922 18
1674945301552 11.688370704650879 19
1674945301589 12.0180082321167 20
1674945301624 9.375866889953613 21
1674945301664 20.371191024780273 22
1674945301728 20.13221549987793 23
1674945301760 36.37092590332031 24
1674945301802 32.55720138549805 25
1674945301834 18.49445152282715 26
1674945301871 8.508357048034668 27
1674945301916 7.166064262390137 28
1674945302060 8.792424201965332 29
1674945302121 10.2711181640625 30
1674945302176 26.01610565185547 31
1674945302235 63.33255386352539 32
1674945302268 49.37424087524414 33
1674945302302 37.80199432373047 34
1674945302339 20.516386032104492 35
1674945302370 19.77446746826172 36
1674945302402 43.08362579345703 37
1674945302471 22.98823356628418 38
1674945302508 21.412546157836914 39
1674945302545 23.82465171813965 40
1674945302581 37.99773406982422 41
1674945302614 37.6513557434082 42
1674945302647 33.42334747314453 43
1674945302705 26.52239990234375 44
1674945302747 33.060020446777344 45
1674945302785 10.045077323913574 46
1674945302837 8.66574764251709 47
1674945302870 10.40556812286377 48
1674945302903 34.75324630737305 49
1674945302967 22.45890998840332 50
1674945303006 19.56204605102539 51
1674945303039 17.247974395751953 52
1674945303079 38.07842254638672 53
1674945303189 18.907058715820312 54
1674945303325 19.690141677856445 55
1674945303399 25.234622955322266 56
1674945303556 35.821170806884766 57
1674945303620 11.549814224243164 58
1674945303742 19.57550048828125 59
1674945303788 35.56862258911133 60
1674945303838 33.50996017456055 61
1674945303875 54.671024322509766 62
1674945303920 46.260887145996094 63
1674945303984 32.534332275390625 64
1674945304043 35.70145034790039 65
1674945304101 29.852310180664062 66
1674945304217 17.812332153320312 67
1674945304281 17.39250946044922 68
1674945304325 21.884811401367188 69
1674945304369 32.55472946166992 70
1674945304471 56.521297454833984 71
1674945304530 56.62599182128906 72
1674945304575 56.432769775390625 73
1674945304621 84.63378143310547 74
1674945304673 86.75863647460938 75
1674945304779 30.957448959350586 76
1674945304820 40.01338195800781 77
1674945304870 62.118961334228516 78
1674945304916 28.017276763916016 79
1674945304995 18.99433708190918 80
1674945305041 37.75049591064453 81
1674945305087 18.876174926757812 82
1674945305128 19.35593032836914 83
1674945305181 18.047592163085938 84
1674945305268 23.39508819580078 85
1674945305305 24.735965728759766 86
1674945305342 13.279319763183594 87
1674945305381 17.86758041381836 88
1674945305440 27.491132736206055 89
1674945305501 9.00229263305664 90
1674945305541 9.196802139282227 91
1674945305577 8.137435913085938 92
1674945305625 30.7136173248291 93
1674945305672 35.81930160522461 94
1674945305765 30.931602478027344 95
1674945305840 40.349639892578125 96
1674945305902 64.16966247558594 97
1674945305976 77.63455963134766 98
1674945306021 86.96959686279297 99
