1675382410388 343.327880859375 0
1675382410437 92.21048736572266 1
1675382410481 69.51844787597656 2
1675382410529 39.87494659423828 3
1675382410575 38.79740524291992 4
1675382410623 31.561141967773438 5
1675382410663 22.821277618408203 6
1675382410702 24.770700454711914 7
1675382410747 14.766806602478027 8
1675382410786 13.836352348327637 9
1675382410830 15.569238662719727 10
1675382410870 23.796415328979492 11
1675382410908 24.220483779907227 12
1675382410946 20.830808639526367 13
1675382410983 13.152379035949707 14
1675382411016 10.157458305358887 15
1675382411048 13.917098045349121 16
1675382411082 19.365386962890625 17
1675382411115 20.489194869995117 18
1675382411150 27.517070770263672 19
1675382411182 46.67805099487305 20
1675382411221 37.05830001831055 21
1675382411257 22.927980422973633 22
1675382411291 14.25253677368164 23
1675382411331 19.730924606323242 24
1675382411367 25.4674129486084 25
1675382411400 17.59204864501953 26
1675382411434 22.548738479614258 27
1675382411469 18.81931495666504 28
1675382411511 20.486818313598633 29
1675382411556 40.34137725830078 30
1675382411597 62.533241271972656 31
1675382411632 59.66122817993164 32
1675382411667 59.12546157836914 33
1675382411700 61.904579162597656 34
1675382411734 60.09721755981445 35
1675382411786 26.079187393188477 36
1675382411838 34.907447814941406 37
1675382411885 41.94245910644531 38
1675382411922 30.635374069213867 39
1675382411955 34.22115707397461 40
1675382411988 37.19221115112305 41
1675382412021 24.983678817749023 42
1675382412057 9.858940124511719 43
1675382412097 9.407115936279297 44
1675382412133 46.408634185791016 45
1675382412171 98.72813415527344 46
1675382412213 82.94539642333984 47
1675382412255 50.707820892333984 48
1675382412292 31.439809799194336 49
1675382412329 35.63141632080078 50
1675382412369 37.749168395996094 51
1675382412406 33.29018783569336 52
1675382412458 36.45046615600586 53
1675382412509 33.59803771972656 54
1675382412546 11.369584083557129 55
1675382412583 21.067548751831055 56
1675382412620 34.07605743408203 57
1675382412655 22.715795516967773 58
1675382412688 31.53702163696289 59
1675382412720 58.83148193359375 60
1675382412753 19.151416778564453 61
1675382412790 21.108503341674805 62
1675382412823 19.393417358398438 63
1675382412862 21.506752014160156 64
1675382412897 34.4098014831543 65
1675382412930 37.74452590942383 66
1675382412962 16.5697078704834 67
1675382412996 17.790773391723633 68
1675382413029 20.089216232299805 69
1675382413063 23.93567657470703 70
1675382413096 35.74446105957031 71
1675382413129 36.250083923339844 72
1675382413163 35.00827407836914 73
1675382413202 38.01637268066406 74
1675382413234 21.08403968811035 75
1675382413268 36.0309944152832 76
1675382413302 30.668027877807617 77
1675382413342 58.460391998291016 78
1675382413377 36.268733978271484 79
1675382413414 46.18886184692383 80
1675382413453 64.38737487792969 81
1675382413491 89.82876586914062 82
1675382413527 77.78877258300781 83
1675382413562 54.72377395629883 84
1675382413596 61.53178024291992 85
1675382413631 29.891210556030273 86
1675382413671 36.77754592895508 87
1675382413731 57.89128875732422 88
1675382413777 30.300521850585938 89
1675382413836 64.05229949951172 90
1675382413895 59.1390380859375 91
1675382413935 18.95206069946289 92
1675382413974 15.314496040344238 93
1675382414007 22.7620792388916 94
1675382414040 35.28759765625 95
1675382414073 33.88465118408203 96
1675382414106 35.66376876831055 97
1675382414141 31.979999542236328 98
1675382414173 36.05561828613281 99
